4294967294,0
4294967279,92
4294967294,204
4294967294,1414
4294967278,284
4294967279,354
4294967279,370
0,5
4294967294,6
4294967294,5
12015,5
12015,4
12015,3
12015,2
12015,1
4294967279,526
4294967278,171
4294967278,154
4294967294,177
4294967294,462
4294967294,464
4294967278,147
4294967278,146
12011,5
12011,4
12011,3
12011,2
12011,1
4294967279,342
4294967279,372
4294967278,330
4294967279,523
12008,5
12008,4
12008,3
12008,2
12008,1
4294967278,332
4294967279,317
4294967279,519
12005,5
12005,4
12005,3
12005,2
12005,1
12004,5
12004,4
4294967279,227
12004,3
12004,2
12004,1
4294967279,316
4294967279,252
12003,6
12003,5
12003,4
12003,3
12003,2
12003,1
4294967279,251
4294967278,447
4294967279,204
4294967294,419
4294967294,999
4294967279,190
4294967279,188
4294967278,187
12000,7
12000,6
12000,5
12000,4
12000,3
12000,2
12000,1
4294967278,445
4294967278,444
4294967278,88
4294967279,178
4294967278,172
4294967278,173
4294967278,162
4294967279,163
4294967279,160
4294967294,458
4294967279,157
11996,4
11996,3
11996,2
11996,1
4294967278,152
11995,5
11995,4
11995,3
11995,2
11995,1
4294967279,145
4294967279,234
4294967279,327
11994,6
11994,5
11994,4
11994,3
11994,2
11994,1
4294967279,336
4294967294,436
4294967279,270
4294967279,279
4294967279,282
4294967278,269
4294967279,264
4294967278,268
4294967278,443
4294967279,263
4294967278,264
4294967279,257
4294967278,262
11991,5
11991,4
11991,3
11991,2
11991,1
4294967278,329
4294967279,512
4294967279,232
11989,6
4294967279,249
11989,5
11989,4
11989,3
11989,2
11989,1
11988,5
11988,4
11988,3
11988,2
11988,1
4294967278,232
4294967278,439
4294967278,222
4294967278,220
4294967279,215
11987,5
11987,4
11987,3
11987,2
11987,1
4294967278,211
11986,5
11986,4
11986,3
11986,2
11986,1
11984,4
11984,3
11984,2
11984,1
4294967294,393
4294967278,196
4294967278,437
4294967294,397
4294967294,1415
4294967294,400
4294967294,1014
4294967294,415
4294967294,167
4294967294,457
4294967294,112
4294967278,436
4294967279,226
4294967294,197
4294967278,427
4294967278,430
4294967294,395
4294967294,24
4294967294,68
4294967294,11
4294967278,275
4294967278,266
4294967278,231
4294967278,423
4294967278,416
4294967278,410
4294967278,388
4294967278,407
4294967278,405
4294967278,263
4294967278,380
4294967278,433
4294967278,396
4294967278,419
4294967279,560
4294967279,118
4294967279,115
4294967279,114
4294967279,104
4294967279,102
4294967279,95
4294967279,298
4294967279,87
4294967279,86
4294967279,352
4294967279,269
4294967279,329
4294967279,222
4294967279,294
4294967279,346
4294967279,371
4294967279,351
4294967279,568
4294967279,343
4294967279,299
4294967278,175
4294967279,224
11983,5
11983,4
11983,2
11983,1
4294967279,220
4294967279,285
4294967278,145
4294967279,136
4294967278,432
4294967278,431
4294967279,283
11979,5
11979,4
11979,3
11979,2
11979,1
4294967278,278
4294967279,545
4294967279,515
4294967279,250
4294967278,253
11976,5
4294967278,250
11976,4
11976,3
11976,2
11976,1
4294967278,235
4294967278,415
4294967279,216
11973,5
11973,4
11973,3
11973,2
11973,1
11972,5
4294967279,205
11972,4
11972,3
11972,2
11972,1
4294967279,360
4294967278,382
4294967278,227
11971,6
11971,5
11971,4
11971,2
11971,1
4294967279,532
4294967279,184
4294967294,1001
4294967278,178
4294967294,396
4294967294,183
4294967294,404
4294967294,448
4294967279,175
11968,7
11968,6
11968,5
11968,4
11968,2
11968,1
4294967279,164
4294967279,214
4294967278,161
4294967279,155
4294967279,158
4294967279,151
4294967278,233
4294967279,150
4294967279,149
4294967279,148
4294967278,148
4294967279,146
4294967279,143
4294967278,143
4294967279,142
4294967278,142
4294967278,141
4294967278,140
11964,4
11964,3
11964,2
11964,1
4294967278,139
4294967279,138
4294967278,138
4294967278,277
11963,5
11963,4
11963,3
11963,2
11963,1
4294967278,375
4294967279,271
4294967279,262
11962,6
4294967278,281
11962,5
4294967279,261
11962,4
4294967278,265
11962,2
11962,1
4294967279,275
4294967278,261
4294967278,257
4294967279,324
4294967278,331
4294967278,352
4294967279,540
4294967278,328
4294967294,162
4294967294,995
4294967294,998
4294967279,248
4294967278,237
11959,5
4294967279,239
11959,4
11959,3
11959,2
11959,1
4294967279,237
4294967278,234
4294967279,225
4294967279,557
11957,6
4294967294,148
4294967294,385
4294967294,405
4294967294,1007
4294967294,402
4294967294,110
4294967294,184
4294967294,175
11957,5
4294967278,218
4294967278,216
11957,4
11957,3
11957,2
11957,1
4294967279,315
4294967278,213
11956,5
4294967278,209
11956,4
4294967278,208
11956,3
11956,2
11956,1
4294967278,348
4294967278,207
4294967279,286
4294967278,202
11955,5
11955,4
11955,3
11955,2
11955,1
4294967279,199
4294967278,356
11954,5
4294967278,193
11954,4
11954,3
11954,2
11954,1
4294967279,522
4294967278,190
4294967278,186
4294967278,184
4294967278,181
11952,4
11952,3
11952,2
11952,1
4294967278,130
4294967278,127
4294967278,125
4294967278,124
4294967278,219
4294967278,123
4294967278,122
4294967278,121
4294967278,249
4294967278,137
4294967278,113
4294967278,111
4294967278,108
4294967278,106
4294967278,105
4294967278,104
4294967278,103
4294967278,102
4294967278,99
4294967278,385
4294967278,97
4294967278,96
4294967278,409
4294967278,89
4294967278,87
4294967278,422
4294967278,86
4294967278,379
4294967278,85
4294967278,247
4294967278,82
4294967278,80
4294967278,217
4294967278,243
4294967278,78
4294967278,77
4294967278,76
4294967278,73
4294967278,72
4294967278,71
4294967278,70
4294967278,66
4294967278,403
4294967278,48
4294967278,406
4294967278,47
4294967278,46
4294967278,378
4294967278,45
4294967278,44
4294967278,43
4294967278,42
4294967278,41
4294967278,40
4294967278,39
4294967278,38
4294967278,37
4294967278,36
4294967278,425
4294967278,35
4294967278,34
4294967278,255
4294967278,33
4294967278,32
4294967278,31
4294967278,387
4294967278,30
4294967278,29
4294967278,333
4294967278,28
4294967278,27
4294967278,26
4294967278,252
4294967278,25
4294967278,24
4294967278,23
4294967278,22
4294967278,21
4294967278,20
4294967278,19
4294967278,18
4294967278,17
4294967278,16
4294967278,15
4294967278,14
4294967278,13
4294967278,12
4294967278,11
4294967278,10
4294967278,9
4294967278,8
4294967278,7
4294967278,6
4294967278,5
4294967278,4
4294967279,228
4294967279,132
4294967279,131
4294967279,130
4294967279,129
4294967279,128
4294967279,356
4294967279,127
4294967279,350
4294967279,126
4294967279,125
4294967279,124
4294967279,123
4294967279,122
4294967279,121
4294967279,347
4294967279,120
4294967279,548
4294967279,119
4294967279,288
4294967279,287
4294967279,278
4294967279,109
4294967279,100
4294967279,274
4294967279,574
4294967279,273
4294967279,230
4294967279,533
4294967279,80
4294967279,338
4294967279,79
4294967279,78
4294967279,77
4294967279,75
4294967279,74
4294967279,72
4294967279,70
4294967279,69
4294967279,544
4294967279,48
4294967279,47
4294967279,46
4294967279,43
4294967279,42
4294967279,41
4294967279,40
4294967279,39
4294967279,38
4294967279,37
4294967279,36
4294967279,571
4294967279,35
4294967279,34
4294967279,289
4294967279,33
4294967279,32
4294967279,30
4294967279,29
4294967279,27
4294967279,26
4294967279,24
4294967279,23
4294967279,339
4294967279,22
4294967279,21
4294967279,20
4294967279,18
4294967279,137
4294967279,14
4294967279,13
4294967279,12
4294967279,11
4294967279,320
4294967279,9
4294967279,6
4294967279,5
4294967279,4
4294967279,50
4294967294,120
4294967279,66
4294967278,65
4294967279,65
4294967279,573
4294967278,64
4294967279,63
4294967278,61
4294967279,380
4294967278,60
4294967279,379
4294967279,60
4294967278,59
4294967279,59
4294967279,290
4294967278,58
4294967279,58
4294967279,311
4294967278,57
4294967294,469
4294967279,57
4294967278,56
4294967279,56
4294967278,55
4294967278,54
4294967278,398
4294967279,54
4294967278,53
4294967294,173
4294967294,195
4294967279,53
4294967278,52
4294967278,414
4294967278,51
4294967279,349
4294967279,162
4294967279,51
4294967278,50
4294967278,49
4294967279,49
11951,5
11951,4
11951,2
11951,1
4294967294,109
4294967294,113
11947,5
11947,4
11947,3
11947,2
11947,1
4294967278,368
11944,5
11944,4
11944,3
11944,2
11944,1
11941,5
11941,4
11941,3
11941,2
11941,1
11940,5
11940,4
11940,3
11940,2
11940,1
11939,6
11939,5
11939,4
11939,2
11939,1
4294967279,369
11936,7
11936,6
11936,5
11936,4
11936,2
11936,1
4294967278,325
11932,4
11932,3
11932,2
11932,1
11931,5
11931,4
11931,3
11931,2
11931,1
4294967294,403
11930,6
11930,5
11930,4
11930,2
11930,1
4294967294,163
4294967294,193
4294967278,418
11927,5
11927,4
11927,3
11927,2
11927,1
11925,6
11925,5
11925,4
11925,3
11925,2
11925,1
11924,5
11924,4
11924,3
11924,2
11924,1
11923,5
11923,4
11923,3
11923,2
11923,1
11922,5
11922,4
11922,3
11922,2
11922,1
4294967278,340
11920,4
11920,3
11920,2
11920,1
4294967278,310
4294967294,463
11919,5
11919,4
11919,2
11919,1
4294967279,368
4294967278,273
4294967278,413
4294967279,247
11915,5
11915,4
4294967279,245
11915,3
11915,2
11915,1
4294967279,366
4294967278,238
4294967278,228
4294967279,365
11912,5
4294967278,206
11912,4
11912,3
11912,2
11912,1
4294967279,361
4294967278,408
4294967279,186
4294967279,259
11909,5
11909,4
11909,3
11909,2
11909,1
4294967294,192
4294967294,451
11908,5
11908,4
11908,3
11908,2
11908,1
4294967278,176
4294967279,170
11907,6
11907,5
11907,4
11907,2
11907,1
4294967278,404
11904,7
4294967279,141
11904,6
11904,5
4294967279,140
11904,4
11904,2
11904,1
4294967279,139
4294967279,135
4294967278,135
4294967279,358
4294967279,133
4294967278,287
4294967279,364
4294967279,256
4294967278,285
4294967279,255
4294967279,254
11900,4
4294967279,514
11900,3
11900,2
11900,1
11899,5
11899,4
11899,3
11899,2
11899,1
4294967279,541
4294967278,402
4294967279,243
4294967278,242
4294967279,553
11898,6
4294967278,236
11898,5
11898,4
11898,2
11898,1
4294967278,401
4294967294,178
4294967294,443
4294967294,168
4294967294,454
4294967294,384
4294967294,118
4294967278,435
4294967278,199
11895,5
4294967279,201
11895,4
4294967278,200
11895,3
11895,2
11895,1
4294967279,200
4294967278,198
4294967278,195
11893,6
4294967294,1418
4294967279,192
4294967278,391
11893,5
4294967278,189
4294967278,188
11893,4
11893,3
11893,2
11893,1
4294967278,185
4294967278,399
4294967279,353
11892,5
11892,4
11892,3
11892,2
11892,1
4294967278,180
4294967279,173
4294967278,170
11891,5
11891,4
11891,3
11891,2
11891,1
4294967294,1413
4294967294,1013
4294967294,391
4294967294,161
11890,5
11890,4
11890,3
11890,2
11890,1
4294967279,525
4294967279,159
4294967294,420
4294967294,398
4294967294,453
4294967279,153
11888,4
11888,3
11888,2
11888,1
4294967278,395
4294967278,132
4294967278,369
4294967278,128
4294967278,126
4294967278,338
4294967278,118
4294967278,117
4294967278,116
4294967278,115
4294967278,114
4294967278,112
4294967278,107
4294967278,400
4294967278,361
4294967278,98
4294967278,95
4294967278,92
4294967278,90
4294967278,79
4294967278,174
4294967278,390
4294967278,67
4294967278,62
4294967278,305
4294967278,424
4294967278,327
4294967278,366
4294967278,372
4294967278,260
4294967278,397
4294967279,218
4294967279,552
4294967279,319
4294967279,556
4294967279,81
4294967279,76
4294967279,71
4294967279,64
4294967279,325
4294967279,62
4294967279,55
4294967279,296
4294967279,52
4294967279,335
4294967279,300
4294967279,531
4294967279,340
4294967279,333
4294967279,31
4294967279,28
4294967279,25
4294967279,260
4294967279,558
4294967279,19
4294967279,549
4294967279,17
4294967279,337
4294967279,10
4294967279,8
4294967279,7
11887,5
11887,4
11887,2
11887,1
4294967278,393
4294967279,513
4294967278,392
4294967279,219
11883,5
11883,4
11883,3
11883,2
11883,1
4294967279,206
4294967279,570
11880,5
4294967279,191
11880,4
11880,3
11880,2
11880,1
4294967294,456
4294967294,401
4294967294,188
4294967279,345
11877,5
11877,4
11877,3
11877,2
11877,1
11876,5
11876,4
11876,3
11876,2
11876,1
4294967278,160
11875,6
11875,5
11875,4
11875,2
11875,1
4294967278,389
4294967294,473
4294967278,259
4294967279,265
11872,7
11872,6
11872,5
11872,4
11872,2
11872,1
4294967278,334
4294967278,386
4294967278,258
4294967279,517
4294967278,384
4294967278,319
4294967278,355
4294967278,320
11868,4
11868,3
11868,2
11868,1
4294967279,236
4294967279,235
4294967278,318
11867,5
4294967278,226
11867,4
11867,3
11867,2
11867,1
4294967278,224
4294967279,223
4294967294,189
4294967294,460
11866,6
4294967279,210
11866,5
11866,4
11866,2
11866,1
4294967294,166
4294967278,191
4294967279,189
11863,5
11863,4
11863,3
11863,2
11863,1
11861,6
11861,5
4294967279,172
11861,4
11861,3
11861,2
11861,1
4294967279,169
11860,5
11860,4
11860,3
11860,2
11860,1
11859,5
11859,4
11859,3
11859,2
11859,1
4294967278,303
4294967278,317
11858,5
11858,4
11858,3
11858,2
11858,1
4294967294,1009
4294967294,1004
4294967294,528
4294967278,417
11856,4
11856,3
11856,2
11856,1
4294967278,315
4294967294,467
4294967294,108
4294967294,190
4294967294,164
4294967294,114
4294967278,314
4294967294,387
4294967278,256
4294967278,313
4294967278,254
4294967278,244
4294967279,241
4294967293,131
4294967293,130
4294967293,129
4294967293,128
4294967293,127
4294967293,126
4294967293,125
4294967293,124
4294967293,123
4294967293,122
4294967293,121
4294967293,120
4294967293,119
4294967293,118
4294967293,117
4294967293,116
4294967293,115
4294967293,114
4294967293,113
4294967293,112
4294967293,111
4294967293,110
4294967293,109
4294967293,108
4294967293,107
4294967293,106
4294967293,105
4294967293,104
4294967293,103
4294967293,102
4294967293,101
4294967293,100
4294967293,99
4294967293,98
4294967293,97
4294967293,96
4294967293,95
4294967293,94
4294967293,93
4294967293,92
4294967293,91
4294967293,90
4294967293,89
4294967293,87
4294967293,86
4294967293,85
4294967293,84
4294967293,83
4294967293,82
4294967293,81
4294967293,80
4294967293,79
4294967293,78
4294967293,77
4294967293,76
4294967293,75
4294967293,74
4294967293,73
4294967293,72
4294967293,71
4294967293,70
4294967293,69
4294967293,68
4294967293,67
4294967293,66
4294967293,65
4294967293,64
4294967293,63
4294967293,62
4294967293,61
4294967293,60
4294967293,59
4294967293,58
4294967293,57
4294967293,56
4294967293,55
4294967293,54
4294967293,53
4294967293,52
4294967293,51
4294967293,50
4294967293,49
4294967293,48
4294967293,47
4294967293,46
4294967293,45
4294967293,44
4294967293,43
4294967293,42
4294967293,41
4294967293,40
4294967293,39
4294967293,38
4294967293,37
4294967293,36
4294967293,35
4294967293,34
4294967293,33
4294967293,32
4294967293,31
4294967293,30
4294967293,29
4294967293,28
4294967293,27
4294967293,26
4294967293,25
4294967293,24
4294967293,23
4294967293,22
4294967293,21
4294967293,20
4294967293,19
4294967293,18
4294967293,17
4294967293,16
4294967293,15
4294967293,14
4294967293,13
4294967293,12
4294967293,11
4294967293,10
4294967293,9
4294967293,8
4294967293,7
4294967293,6
4294967293,5
4294967293,4
4294967293,3
4294967278,131
4294967278,129
4294967278,120
4294967278,119
4294967278,110
4294967278,109
4294967278,101
4294967278,100
4294967278,94
4294967278,312
4294967278,93
4294967278,91
4294967278,83
4294967278,81
4294967278,365
4294967278,373
4294967278,74
4294967278,68
4294967278,63
4294967278,359
4294967278,358
4294967278,357
4294967278,309
4294967278,316
4294967279,524
4294967279,117
4294967279,112
4294967279,318
4294967279,291
4294967279,103
4294967279,101
4294967279,98
4294967279,94
4294967279,83
4294967279,68
4294967279,67
4294967279,521
4294967279,240
4294967279,45
4294967279,530
4294967279,539
4294967279,16
4294967279,15
4294967279,520
4294967279,233
4294967279,231
4294967279,229
4294967279,331
11855,5
11855,4
11855,2
11855,1
4294967279,516
4294967279,330
4294967279,326
4294967278,183
4294967279,182
11851,5
11851,4
11851,3
11851,2
11851,1
4294967279,171
4294967278,169
4294967278,311
4294967279,323
4294967278,156
11848,5
11848,4
11848,3
11848,2
11848,1
4294967279,322
4294967278,345
4294967279,147
4294967294,1005
4294967278,446
11845,5
11845,4
11845,3
11845,2
11845,1
4294967279,238
11844,5
4294967278,270
11844,4
11844,3
11844,2
11844,1
4294967279,528
11843,6
11843,5
11843,4
11843,2
11843,1
4294967278,324
4294967278,230
11840,7
11840,6
11840,5
11840,4
11840,2
11840,1
4294967294,394
4294967279,217
4294967278,212
4294967279,211
4294967279,208
4294967278,210
4294967279,209
4294967278,428
4294967279,363
4294967278,343
4294967279,196
11836,4
11836,3
11836,2
11836,1
4294967279,312
11835,5
4294967279,187
11835,4
11835,3
11835,2
11835,1
4294967279,185
4294967278,179
4294967279,179
11834,6
11834,5
11834,4
11834,2
11834,1
4294967278,307
4294967294,1010
4294967279,168
4294967279,167
4294967278,166
4294967279,165
4294967279,161
4294967278,159
4294967278,341
4294967279,281
4294967278,150
11831,5
11831,4
11831,3
11831,2
11831,1
4294967279,144
4294967279,310
11829,6
11829,5
11829,4
11829,3
11829,2
11829,1
4294967279,355
4294967294,406
4294967294,455
4294967294,390
4294967294,450
11828,5
4294967278,288
11828,4
11828,3
11828,2
11828,1
4294967278,274
4294967278,297
4294967278,267
11827,5
11827,4
11827,3
11827,2
11827,1
4294967279,309
4294967278,293
11826,5
11826,4
11826,3
11826,2
11826,1
4294967279,308
4294967279,307
4294967294,468
11824,4
11824,3
11824,2
11824,1
4294967278,246
4294967294,1
4294967278,344
4294967294,389
4294967294,89
4294967278,438
4294967294,472
4294967294,392
4294967294,388
4294967294,115
4294967278,272
4294967294,386
4294967294,46
4294967294,435
4294967294,29
4294967294,412
4294967294,409
4294967294,160
4294967294,111
4294967294,38
4294967294,37
4294967294,470
4294967294,107
4294967294,50
4294967294,91
4294967294,87
4294967294,85
4294967294,84
4294967294,418
4294967294,150
4294967294,129
4294967294,53
4294967294,45
4294967294,44
4294967294,36
4294967294,9
4294967278,308
4294967294,88
4294967278,299
4294967279,212
4294967294,81
4294967278,301
4294967278,322
4294967278,383
4294967278,84
4294967278,75
4294967278,342
4294967278,69
4294967278,323
4294967278,339
4294967278,302
4294967278,282
4294967278,292
4294967278,337
4294967278,321
4294967278,336
4294967278,346
4294967278,0
4294967278,350
4294967279,116
4294967279,518
4294967279,113
4294967279,111
4294967279,110
4294967279,108
4294967279,107
4294967279,106
4294967279,105
4294967279,246
4294967279,99
4294967279,97
4294967279,96
4294967279,93
4294967279,91
4294967279,89
4294967279,244
4294967279,85
4294967279,84
4294967279,82
4294967279,73
4294967279,61
4294967279,527
4294967279,44
4294967279,305
4294967279,174
4294967279,2
4294967279,0
4294967279,88
4294967294,39
4294967294,42
4294967294,76
4294967294,41
4294967294,416
4294967294,471
4294967294,201
4294967294,82
4294967294,83
4294967278,204
4294967279,90
4294967279,198
4294967278,197
4294967279,197
4294967279,195
4294967278,192
4294967294,7
4294967294,1012
11823,5
11823,4
11823,2
11823,1
4294967279,306
4294967278,429
4294967278,306
4294967278,304
4294967279,177
4294967279,381
4294967279,176
4294967279,166
4294967278,158
4294967278,157
4294967278,151
11819,5
11819,4
4294967278,149
11819,3
11819,2
11819,1
4294967279,280
4294967278,298
11816,5
11816,4
11816,3
11816,2
11816,1
4294967294,194
4294967294,196
4294967279,304
11813,5
4294967278,248
11813,4
11813,3
11813,2
11813,1
4294967278,296
4294967278,300
11812,5
11812,4
11812,3
11812,2
11812,1
4294967279,357
4294967279,221
11811,6
11811,5
4294967278,214
11811,4
11811,2
11811,1
4294967279,303
4294967278,203
4294967279,348
4294967279,194
4294967279,193
11808,7
11808,6
11808,5
11808,4
11808,2
11808,1
4294967294,182
4294967294,449
4294967278,295
4294967279,183
4294967279,181
4294967279,180
4294967278,168
4294967278,167
4294967278,165
4294967278,164
4294967278,163
11804,4
11804,3
11804,2
11804,1
4294967278,294
11803,5
4294967278,155
4294967279,154
11803,4
11803,3
11803,2
11803,1
4294967278,153
4294967279,152
4294967294,198
4294967279,302
4294967279,301
4294967278,144
11802,6
11802,5
11802,4
11802,2
11802,1
4294967279,328
4294967279,272
4294967278,136
4294967279,134
4294967278,134
4294967278,133
4294967278,276
4294967279,277
4294967279,341
4294967294,165
4294967279,536
4294967278,291
4294967279,258
11799,5
11799,4
11799,3
11799,2
11799,1
4294967279,253
11797,6
4294967294,1419
4294967279,538
4294967278,239
11797,5
4294967279,537
11797,4
4294967278,326
11797,3
11797,2
11797,1
11796,5
11796,4
11796,3
11796,2
11796,1
4294967278,240
4294967279,376
4294967278,290
11795,5
11795,4
11795,3
11795,2
11795,1
4294967279,359
4294967279,313
4294967294,408
4294967294,191
4294967294,414
11794,5
4294967279,314
4294967279,213
11794,4
11794,3
11794,2
11794,1
4294967278,289
4294967279,207
4294967278,205
4294967279,203
4294967279,202
11792,4
4294967278,201
11792,3
11792,2
11792,1
0,7
4294967294,128
4294967294,185
4294967279,383
4294967278,426
4294967279,276
4294967278,283
4294967294,423
4294967294,40
4294967278,421
4294967294,90
4294967294,86
4294967294,149
4294967294,28
4294967294,1015
4294967294,27
4294967294,1417
4294967294,426
4294967294,2
4294967294,96
4294967294,94
4294967278,420
4294967294,8
4294967294,22
4294967294,17
4294967294,67
4294967294,99
4294967294,1416
4294967294,43
4294967294,51
4294967294,52
4294967294,25
4294967294,146
4294967294,26
4294967294,93
4294967294,95
4294967294,92
4294967279,546
4294967278,347
4294967278,394
4294967278,412
4294967278,229
4294967278,434
4294967278,335
4294967278,441
4294967278,440
4294967278,251
4294967279,561
4294967279,382
4294967279,332
4294967279,284
4294967279,374
4294967279,378
4294967279,367
4294967279,373
4294967279,377
4294967279,344
4294967279,293
4294967279,242
4294967278,442
11791,5
11791,4
11791,2
11791,1
4294967294,170
11787,5
11787,4
11787,3
11787,2
11787,1
4294967278,279
4294967294,169
4294967294,466
11784,5
11784,4
11784,3
11784,2
11784,1
11781,5
11781,4
11781,3
11781,2
11781,1
4294967279,334
11780,5
11780,4
11780,3
11780,2
11780,1
4294967278,271
11779,6
11779,5
11779,4
11779,2
11779,1
11776,7
11776,6
11776,5
11776,4
11776,2
11776,1
4294967279,297
4294967294,997
4294967279,295
11772,4
11772,3
11772,2
11772,1
11771,5
11771,4
11771,3
11771,2
11771,1
4294967278,223
4294967294,417
11770,6
11770,5
11770,4
11770,2
11770,1
4294967279,292
11767,5
11767,4
11767,3
11767,2
11767,1
11765,6
4294967294,1003
